-5.0 59.854289812
-4.94974874372 58.1802931927
-4.89949748744 55.0711715581
-4.84924623116 58.3405861257
-4.79899497487 56.0883076321
-4.74874371859 53.3290150733
-4.69849246231 51.7838064825
-4.64824120603 55.2710503925
-4.59798994975 48.4442916828
-4.54773869347 51.8376658613
-4.49748743719 49.0465127074
-4.4472361809 48.0187755942
-4.39698492462 46.5301322942
-4.34673366834 50.2059520632
-4.29648241206 46.6593203961
-4.24623115578 44.5577461333
-4.1959798995 41.6161183466
-4.14572864322 44.8301013032
-4.09547738693 42.1573300155
-4.04522613065 38.7209975092
-3.99497487437 40.5125772313
-3.94472361809 37.6602429204
-3.89447236181 37.150204681
-3.84422110553 38.2822017573
-3.79396984925 35.746126679
-3.74371859296 34.8758613307
-3.69346733668 28.840409984
-3.6432160804 35.4019138298
-3.59296482412 31.1633225852
-3.54271356784 31.0986435562
-3.49246231156 26.0433200376
-3.44221105528 28.4339630025
-3.39195979899 27.1203947211
-3.34170854271 29.4839678762
-3.29145728643 24.3877353808
-3.24120603015 22.0094501915
-3.19095477387 26.4406972715
-3.14070351759 20.3370890653
-3.09045226131 19.8680580507
-3.04020100503 21.1385503497
-2.98994974874 23.706714962
-2.93969849246 20.4554585086
-2.88944723618 20.3914079471
-2.8391959799 20.4418840237
-2.78894472362 17.9712929447
-2.73869346734 19.7075282977
-2.68844221106 21.2352734198
-2.63819095477 17.542482082
-2.58793969849 18.667330437
-2.53768844221 15.9276238272
-2.48743718593 15.9312428108
-2.43718592965 9.06098812742
-2.38693467337 12.5254700504
-2.33668341709 12.9622476284
-2.2864321608 13.5685396723
-2.23618090452 7.41425227714
-2.18592964824 12.1667037172
-2.13567839196 11.0931916497
-2.08542713568 12.1111484718
-2.0351758794 13.4308647198
-1.98492462312 6.23366307584
-1.93467336683 9.64816859361
-1.88442211055 7.33582779723
-1.83417085427 10.7674491214
-1.78391959799 9.99187349798
-1.73366834171 7.58676502227
-1.68341708543 6.64575672598
-1.63316582915 11.178297747
-1.58291457286 4.20474298874
-1.53266331658 6.1709410021
-1.4824120603 4.79668508141
-1.43216080402 11.4000667759
-1.38190954774 11.2258541808
-1.33165829146 12.6423644585
-1.28140703518 8.66266769899
-1.23115577889 11.7829956142
-1.18090452261 12.649888449
-1.13065326633 14.7285848384
-1.08040201005 15.2164985858
-1.03015075377 20.2135801278
-0.979899497487 19.5302077452
-0.929648241206 18.5952356839
-0.879396984925 19.873007487
-0.829145728643 26.5176183784
-0.778894472362 25.8641839604
-0.72864321608 29.1445431593
-0.678391959799 28.3252900443
-0.628140703518 31.1448859384
-0.577889447236 36.7784493969
-0.527638190955 32.9978347324
-0.477386934673 37.9428026532
-0.427135678392 43.8161937415
-0.376884422111 47.9485495086
-0.326633165829 50.5189699383
-0.276381909548 48.4301392223
-0.226130653266 46.5524869229
-0.175879396985 51.971823943
-0.125628140704 55.373996853
-0.0753768844221 54.8898885555
-0.0251256281407 51.476646515
0.0251256281407 56.3144958669
0.0753768844221 58.0827899632
0.125628140704 52.6566776805
0.175879396985 53.3848239047
0.226130653266 51.952833851
0.276381909548 49.5291849722
0.326633165829 49.9880743129
0.376884422111 45.5874144944
0.427135678392 40.862851594
0.477386934673 42.1461871315
0.527638190955 36.2426814817
0.577889447236 36.2412379181
0.628140703518 31.1194568745
0.678391959799 32.8747928811
0.72864321608 27.7905465353
0.778894472362 20.9116561963
0.829145728643 27.2232959121
0.879396984925 22.0091818428
0.929648241206 19.6359338559
0.979899497487 17.8808131284
1.03015075377 15.1549845315
1.08040201005 13.4078832391
1.13065326633 14.9723092915
1.18090452261 12.7402820072
1.23115577889 12.6779642908
1.28140703518 10.2130039923
1.33165829146 11.121922211
1.38190954774 6.60769521041
1.43216080402 11.9067562193
1.4824120603 11.338550556
1.53266331658 5.61432274929
1.58291457286 1.84320695013
1.63316582915 4.40329597508
1.68341708543 6.64204976519
1.73366834171 11.5708199553
1.78391959799 6.46697489345
1.83417085427 4.97813041772
1.88442211055 11.266523161
1.93467336683 10.6697806791
1.98492462312 8.93040002748
2.0351758794 9.86409854585
2.08542713568 8.72359819561
2.13567839196 11.9506496205
2.18592964824 11.4445941924
2.23618090452 9.19973600429
2.2864321608 15.650912152
2.33668341709 13.4897125212
2.38693467337 13.0278794093
2.43718592965 12.6098245829
2.48743718593 16.5277197273
2.53768844221 13.6027091977
2.58793969849 15.5324221186
2.63819095477 18.6648580176
2.68844221106 13.7003463854
2.73869346734 18.6656340432
2.78894472362 19.3472468302
2.8391959799 20.3302568155
2.88944723618 19.5202958812
2.93969849246 18.2578750013
2.98994974874 19.168689628
3.04020100503 23.2991267427
3.09045226131 21.2784084146
3.14070351759 23.8640500851
3.19095477387 25.9162003493
3.24120603015 24.2302051946
3.29145728643 26.7597179616
3.34170854271 27.2784154976
3.39195979899 25.3069253354
3.44221105528 26.7676958713
3.49246231156 27.133221984
3.54271356784 32.5926928722
3.59296482412 32.73068346
3.6432160804 33.4938973905
3.69346733668 29.4353395652
3.74371859296 36.9805795308
3.79396984925 34.3432884545
3.84422110553 35.515022334
3.89447236181 39.4051325332
3.94472361809 35.6274831293
3.99497487437 36.9373145527
4.04522613065 42.9629094387
4.09547738693 43.4929933753
4.14572864322 39.0826673714
4.1959798995 43.930284497
4.24623115578 42.5180750801
4.29648241206 46.1452849314
4.34673366834 47.0994754514
4.39698492462 50.7107095921
4.4472361809 48.9955359405
4.49748743719 50.3015684439
4.54773869347 52.9586025834
4.59798994975 51.2565384742
4.64824120603 57.3076705298
4.69849246231 55.8909899002
4.74874371859 55.8806209266
4.79899497487 57.0427863293
4.84924623116 60.2637609232
4.89949748744 58.1114070291
4.94974874372 60.0270837023
5.0 58.5432052976